papi -0.33118 -1.0355 0.65736 0.15364 -0.177 -0.93128 0.9401 -0.044604 -0.53624 0.47773 -0.46418 -0.033513 -0.015491 -0.3302 -0.42774 -0.18111 -0.057305 1.2659 0.94655 0.51158 -0.8313 -0.91702 -0.43055 0.5363 0.59984 0.10172 -0.62521 0.65025 -0.18664 -1.729 -0.17885 0.57274 0.85846 0.48707 0.2668 0.42778 0.2711 -0.027814 0.42096 0.0068083 -1.1362 0.36161 -0.68695 -0.61206 -0.63156 -0.42608 -0.054241 -0.74576 1.8641 0.94276
aeternus -1.9494 0.17151 -0.58667 -0.97666 -0.15187 -0.89942 0.13601 -0.09547 0.35162 -0.27221 0.092399 0.43095 -0.23272 0.74973 -2.0077 -0.41054 0.38928 -0.25049 0.94731 0.97948 -0.67498 0.029474 -0.11484 0.24106 -0.8934 1.7179 -0.22866 -0.011204 0.39792 -0.039262 -1.3668 -0.44161 0.13053 -0.58902 -0.78164 0.30745 0.14303 -1.5038 0.50584 0.41129 -0.208 -1.6199 -0.90441 -0.10153 0.37176 0.31361 0.37884 -0.61495 -0.39548 0.5685
queene 1.3392 -0.61274 -1.0927 -1.5714 0.35995 0.34288 1.0784 -0.68878 0.9401 -1.1274 -1.3702 1.4305 0.78445 0.62283 -0.81048 -0.29743 -0.66936 0.099074 -0.54409 1.4305 1.4769 -0.95475 0.30219 0.47827 1.7999 0.15945 -1.5219 -0.085641 -0.69267 0.27222 -1.5442 0.81343 1.0443 1.2684 -0.97278 -0.040843 -0.87288 -0.20731 -1.2307 0.022715 -0.3826 0.1832 -0.61833 -0.46572 -1.2459 0.075173 0.9149 -0.70815 1.1068 0.38958
scribbled -0.2108 -0.36781 0.39085 -1.1648 0.47808 -0.26686 -0.78581 -0.28632 -1.1616 -0.20295 -1.0128 0.1425 0.30429 0.19533 0.24476 -0.76905 -1.4707 -1.0525 0.90654 -0.69167 0.081358 0.13675 0.52646 -0.30768 0.67701 -0.16054 -0.58634 1.1856 -0.093119 -1.3636 -0.1479 -0.65138 0.039749 0.32396 -0.3799 0.21627 0.07592 -0.10721 0.17464 0.22754 0.83407 0.070183 -0.35704 0.55315 0.39624 -0.4337 0.80548 0.69366 0.141 -1.0701
decribed 0.30383 -0.90803 -0.14418 -0.70625 -0.3909 -0.56571 -0.15193 0.27239 -0.07135 0.36904 0.15211 0.29667 0.030039 0.61715 0.46235 0.071673 -0.32161 0.20814 0.48204 0.39952 -0.22341 -0.20445 -0.2529 0.3673 0.35753 0.23654 -0.24959 0.31644 -0.62031 0.48549 -1.7825 -0.27123 0.60504 -0.29923 -0.38151 0.027018 0.022986 0.21003 -1.0839 -0.44694 -0.022939 0.045856 -0.62169 0.53992 0.31748 -0.70686 -0.066286 0.75028 -0.17396 0.29248
shcherban -0.24623 -0.48329 0.015826 0.29143 0.29568 1.0923 0.30106 0.62807 0.16962 0.23831 0.00613 0.17499 0.54109 0.72265 0.1438 -0.17305 -0.4076 0.59156 -0.27354 0.97529 0.4403 0.24222 0.058951 -0.090126 0.46125 0.24129 0.49319 -0.06441 -0.22521 0.38018 -2.1975 -0.24214 0.62496 -0.10813 0.15204 0.12973 0.068004 -0.059379 0.36094 0.10215 -0.34799 0.097981 -0.26453 0.076493 -0.33637 0.55739 -0.73187 0.48022 0.63777 -0.02238
hichem 0.023275 -0.15723 0.47909 0.52792 -0.42026 -0.51859 0.4628 -0.031513 0.25833 0.28777 -0.053357 0.046457 0.30702 -0.42547 0.020184 0.050587 -0.15259 -0.5878 0.63691 0.73277 -0.52424 -0.077191 0.694 0.55332 0.07705 1.5551 0.79909 -0.3547 -0.13167 0.61948 -1.3223 -0.24516 -0.29184 0.020622 -0.03256 0.13571 -0.48548 -0.16431 -0.3493 0.5593 0.81594 0.4492 -0.47952 -0.20288 -0.17404 0.23963 0.52304 0.31837 -0.14877 0.30383
kenneth -0.29344 0.025211 0.66648 0.46864 0.34204 0.42908 0.16055 0.60425 -0.077438 -0.71357 -0.72217 1.0109 -0.89269 0.04305 0.64199 -0.20789 0.4068 -0.054951 0.10981 -0.39078 0.92693 0.16671 0.32274 -0.37443 0.41918 -1.3177 -0.048791 -0.79323 -1.1375 0.14181 0.36059 -1.3001 0.54852 -0.52194 -0.2412 -0.35748 0.089156 0.086127 1.2787 -0.15493 -0.016918 1.1939 0.11135 -0.71666 0.19135 0.86102 -0.52938 -0.21688 -0.61379 0.67064
non-daily -1.7858 0.30716 -0.44408 -0.68119 -0.13836 0.26636 0.067429 0.7552 0.065451 0.71491 -0.36102 -0.98851 1.1776 0.96642 -0.71875 -1.7044 -0.27875 0.61685 0.21112 0.27832 0.52527 -0.036394 0.65124 1.7435 0.040068 0.38598 -0.78096 -0.40032 -0.29732 -0.082833 -0.87238 0.6608 1.2713 0.53714 0.18969 0.21462 -0.88934 0.79555 -1.2914 0.059358 0.48961 -0.46004 0.52152 0.40471 0.69406 -0.69271 -0.56564 0.57354 0.70006 -0.15676
4,000-square 1.1251 0.34515 0.88148 -1.1083 -0.42154 0.2072 -0.44751 -0.68014 1.4919 -0.5523 -1.3826 -1.4546 -0.54943 0.457 -0.10676 -0.27921 -0.23489 -0.029177 0.7628 0.18064 -0.89086 -0.46178 -1.6071 0.046376 -0.25991 -0.1311 0.25063 0.36622 -0.19156 0.23376 -0.056081 -0.46045 0.0034139 2.1359 0.12257 0.9151 0.32824 1.587 0.19996 -0.65535 0.78224 -0.11435 -0.047045 0.8873 0.8402 -0.40359 1.1983 -1.068 -0.71622 -0.17446
adge -0.56728 -0.42761 -0.41363 0.54774 -0.75247 -0.40982 0.50597 -0.41939 -0.22148 -0.075887 -0.39374 0.89322 -0.49631 0.31296 0.09396 0.36288 0.075876 -0.79185 0.48775 1.0478 -0.91737 0.12247 -0.060422 -0.61932 0.032188 1.2101 0.45022 -0.57161 -1.0146 -0.59695 -1.3769 -1.003 0.68283 0.90358 0.43535 0.12497 0.3249 -0.9299 0.46324 -0.18498 -0.045584 -0.73586 0.36273 0.77974 0.89444 0.035205 1.0511 0.79596 -0.4288 -0.11887
agriculturists -0.40433 -1.2672 -0.81336 -0.68567 -0.049033 -0.44405 -0.25314 0.59307 -0.60282 -0.27873 0.36131 -0.024551 1.2455 -0.51232 -0.33958 0.11559 0.62117 0.14486 0.60187 -0.18853 -0.13667 -0.21634 0.15162 0.34031 0.53444 0.9282 -0.233 -0.79126 -0.020843 0.22247 -0.42094 0.26802 0.42571 0.24638 0.25074 0.14353 -0.77913 0.36194 0.015746 0.42057 -0.48431 -0.56673 0.2623 0.96175 0.47404 -0.048769 -0.36577 0.44778 -0.30052 -0.47539
liberations 0.32151 -0.47522 0.2006 -0.60361 -0.52182 -0.0029961 0.69087 0.25552 0.47089 0.018774 -0.15659 -0.26569 -0.065685 0.045832 -0.5449 -0.71991 0.26997 -0.15779 0.66259 0.063395 -0.43825 -0.43758 0.060682 0.023229 -0.44888 1.3732 -0.58657 -0.6534 0.58962 0.25856 -0.82372 0.43779 -0.16874 -0.3876 -0.16366 0.14867 -0.099227 -1.0586 -0.61425 0.3748 -0.69716 -1.4307 0.092383 0.45583 0.095986 -0.85295 0.29451 0.47578 -0.39478 0.23862
zaccaro 0.44269 -0.48728 0.31739 -0.41207 -0.19954 1.3862 -0.37425 -0.7061 -0.010775 -0.47419 -0.42488 1.1339 -0.14979 -0.555 0.20595 -0.11498 -0.46284 -0.17262 0.94549 -0.022853 0.24433 0.26714 -0.017809 -0.56621 0.19974 1.0344 0.61903 -0.35128 -0.4869 0.46883 -1.5289 0.56967 0.73833 -0.021871 -0.73016 0.54652 -0.097367 -0.055914 0.4172 -0.39951 0.522 0.19815 -0.592 -0.047881 -0.027373 0.099108 -0.64613 -0.26501 0.39691 0.4033
dellums -0.31266 0.49519 0.66426 0.13098 -0.44226 0.40532 -0.16231 -0.34915 -1.5469 0.28331 -0.72858 0.14556 -0.18148 0.22023 -0.61393 -1.2629 0.17369 0.47816 0.7907 -0.35512 -1.3382 -0.46508 0.031658 -0.77374 -0.87155 -0.29359 0.3421 0.77256 -0.33906 -0.83858 -1.2272 -0.5728 -1.1913 -0.89968 0.29989 -0.75255 -0.12205 -0.22778 1.1713 0.45794 -0.89385 0.49042 -0.0039374 -0.81856 -0.37411 0.37161 -0.45399 0.61448 -0.16921 0.92426
roecker -0.27743 -0.1587 0.79531 -0.19808 0.15455 0.18593 -0.41926 0.79329 0.10485 -0.52137 -0.24756 0.046871 0.45079 -0.062661 -0.26276 -0.011543 0.11735 0.67968 0.68542 -0.78883 0.17684 0.329 -0.52647 -0.50876 0.74722 0.98755 0.20117 0.17119 -0.04524 0.52502 -1.3978 -0.64818 0.43841 0.1842 -0.39331 -0.071768 -0.21388 -0.31857 0.45502 0.037053 0.45516 -0.36349 -0.64076 0.15226 0.41017 -0.35336 -0.1756 0.81585 -0.84976 0.41252
aréthuse -0.33667 -0.65054 -0.52124 -1.2305 -0.44551 -0.091545 0.56031 0.78158 -0.43086 -0.20162 0.44564 0.97679 0.046717 0.42272 0.030346 -0.895 0.03382 0.27105 0.42298 0.096095 -0.092003 -0.029352 0.12442 0.45447 0.86131 0.9758 -0.63328 0.15724 0.19204 -0.12288 -1.0458 -0.30147 0.37638 0.98068 -0.27684 0.21088 0.47022 -0.67898 -0.61627 -0.21678 0.2026 -1.0831 0.58684 -1.0384 0.49429 -0.72186 0.19804 0.14044 0.66109 0.4256
galavision 0.48186 -0.50756 0.8151 1.2206 -1.4874 0.78537 -0.50867 0.041817 0.14432 0.83103 0.38234 -0.48238 0.16714 1.9085 -0.55763 -0.50844 -1.5586 -0.041428 0.93501 0.16435 0.5468 0.06202 -0.48178 1.2406 0.99328 0.3947 0.26786 0.36271 0.65331 -0.33663 -0.67563 0.51265 0.52428 0.82208 -0.87064 -0.67693 -1.2737 0.5339 -1.0501 0.60892 0.83024 0.26015 0.6541 0.10677 -1.224 0.14127 0.56681 0.64261 -0.089615 -0.4367
75.77 -0.8805 -0.5719 0.62021 -0.046337 0.84712 -0.69156 0.93209 0.15453 -0.2967 0.24097 -0.53113 -0.7956 1.1228 0.049589 -0.3552 0.093254 -0.53817 -0.28689 -0.039199 0.34573 0.17071 0.62974 0.016877 -0.51696 0.012012 0.75509 1.6553 0.097355 0.34495 -0.53783 -1.3236 -0.051584 -0.46481 0.40804 0.40734 -0.50761 0.099821 -0.37017 0.34169 -0.36336 0.054829 -0.56921 0.86837 0.57355 -0.12542 -0.050722 0.75979 0.34093 0.31004 0.03774
yotsuya -0.072788 -0.08645 0.060734 0.037162 -0.77512 -0.69352 0.15835 0.73 -0.11984 0.18542 -0.11839 -0.25906 0.14048 0.32776 -0.41972 0.15115 -0.21036 0.3406 0.60901 1.0746 0.84347 0.14519 -0.47495 1.3412 0.47009 1.3878 -0.082988 0.53327 0.56306 -0.39334 -1.217 -0.34645 0.82108 -0.37645 0.00016576 0.46303 0.59718 -0.96847 -0.33152 0.52781 0.36041 -0.8664 -0.31382 -0.3048 -0.28653 -0.64926 0.55177 0.43656 0.84213 0.28654
fanu 1.6918 -0.4513 -0.78439 -1.7338 -1.2506 0.43911 0.18823 -0.69035 0.5319 -0.1161 -1.0628 0.18568 -0.56573 -1.428 -0.73596 -1.4045 0.46443 -0.42316 -0.32669 0.36682 -0.52095 -0.19775 -0.63051 0.78494 0.017599 -0.03511 -0.42476 0.39609 -0.76365 0.11669 -0.84943 -0.26559 0.27752 0.18782 -1.028 0.22559 0.052517 -0.055464 -0.58111 -0.21032 1.8379 0.30445 -0.23997 -0.89851 0.22495 -0.95058 0.44288 -1.1763 1.2696 0.86953
single-cell 0.41621 -0.65282 -0.55335 0.32944 0.23878 0.23593 0.46861 0.011529 0.20802 1.3574 0.089496 -0.18526 0.88477 1.2412 -0.54874 -0.49809 0.23469 -0.31668 0.38836 -0.37577 -0.21598 -0.99634 -0.047541 -0.31581 -0.0086161 1.4524 0.73647 0.075528 0.39525 -0.15081 -0.22747 -1.2014 0.098068 -0.82156 0.48254 0.50797 0.57378 0.065681 -0.30216 0.44326 -0.14196 -0.72602 -0.76183 0.20227 0.019519 0.2891 0.88951 -0.321 -0.48729 0.38341
jogbras 0.021788 0.17514 1.3742 -0.79735 -1.195 0.73584 0.64876 -0.55387 0.78359 0.51587 0.35796 0.80454 0.21577 -0.0069842 -0.82516 -0.05348 0.10013 0.44031 1.301 -0.46202 0.22578 0.07783 0.57665 -0.096005 -0.10353 1.2563 -0.72496 0.29138 0.85573 -1.4195 -1.4706 0.42933 0.68807 -0.18533 0.13098 1.4745 0.41543 -0.0056634 0.17305 0.87881 0.94983 -0.018054 0.95334 -0.28585 0.54436 -0.57593 0.11957 -0.15801 -0.044379 0.014424
3.215 0.18852 -0.86153 1.0212 -1.0183 0.15549 -0.1311 0.61018 0.46052 -0.66875 0.91934 0.52936 -0.59206 1.8625 -0.53643 -0.14268 0.37484 -0.69512 -0.38066 0.52658 0.35307 0.27308 -0.33253 -0.087085 0.22178 0.27601 0.83421 0.26893 -0.82374 -0.060163 0.11242 -1.4006 0.27562 -0.21134 0.36345 0.34161 -0.63476 -0.51398 -0.24227 0.42898 -0.47657 0.39922 -0.46024 0.56993 0.68685 -0.64128 -0.7659 0.74131 0.17755 0.25559 -0.553
jiangyou -0.2097 -0.9269 -0.22456 0.43188 -0.29801 -1.0634 0.395 0.6403 -0.3783 0.79798 -0.1094 -1.354 0.79848 -0.10407 -0.52491 -0.37524 -0.093083 0.76703 0.17251 0.72988 -0.042286 0.015594 -0.65814 0.25208 0.13456 0.23362 0.43253 1.0336 0.0056828 -0.66654 -0.73958 0.39974 1.0222 -0.64351 -0.3643 0.72263 -0.47439 0.28666 0.22191 0.57238 -0.19904 0.67064 -0.056635 -0.69958 -0.5296 0.39082 -0.29934 0.081356 0.5677 -0.41181
engelke -0.63168 -0.28218 -0.11166 0.85112 -0.036079 0.035516 0.23738 1.2084 -0.4456 -1.652 -1.5705 0.13838 -0.47272 -0.74447 -1.2511 -0.30131 0.37231 1.1002 0.40922 0.43128 0.84024 -0.05501 -0.55356 0.10581 0.97602 0.41844 0.68213 0.19936 -0.15766 -0.13687 -1.1147 0.074401 2.2783 0.30423 0.043561 -0.35616 -0.61071 -0.19402 0.60043 0.25699 -0.75574 -0.33358 -0.54309 -0.40831 0.18129 0.90449 0.033806 1.3965 -0.23876 1.6542
sd1 0.96569 0.12996 0.31646 -0.2074 -0.18041 -0.1284 -0.45351 -0.48288 0.60661 -0.20024 1.0689 1.0552 -0.32312 0.85097 -0.53825 0.57743 0.076126 1.1411 -0.67563 0.25991 -0.16925 0.11027 -0.067222 -0.36434 -0.50448 1.1605 -0.25104 -0.1093 -0.52773 0.62134 -1.4223 -0.49814 -0.69796 0.20805 0.54105 -0.087923 -0.51813 -0.56929 0.69755 -0.50221 0.063831 -1.336 -0.22159 0.26038 -0.36217 -0.65089 1.0958 0.52584 -0.38199 -0.060269
voltar -0.35558 -0.6505 -0.0011689 -0.59141 -0.11364 0.023586 0.22248 0.53401 -0.14146 -0.069438 0.095149 0.4951 0.47184 0.42766 -0.31632 -0.35618 0.22569 -0.025369 0.49535 0.24513 -0.1572 -0.467 0.077031 0.042415 0.57681 0.90923 -0.066109 0.27331 0.30283 0.45206 -1.4275 -0.27612 0.20311 0.61273 -0.3188 0.18607 0.032652 -0.16309 -0.70673 -0.10808 0.23478 -0.69384 -0.12665 -0.074159 -0.4242 -0.52325 -0.14686 0.49637 0.47155 -0.21161
gabaergic 0.96059 -1.5625 0.51157 0.20175 -0.34372 0.011942 1.4606 -0.15186 0.081419 0.55952 0.53567 0.23421 1.399 -0.62596 -0.76684 -0.19341 -0.31344 0.56477 0.23285 -0.19311 0.82702 -1.2671 0.39611 -0.051709 -0.032707 1.466 0.76237 -0.14425 -0.57145 -0.91693 0.12473 0.15681 1.3028 -1.1013 -0.28657 0.61569 -0.45901 -0.95896 -0.31479 -0.42576 -0.4604 -0.17087 -0.51247 -0.08084 0.67261 -1.6741 1.0162 -0.33969 0.32172 -0.18002
lotr 0.020542 -0.43942 0.40104 0.20048 -0.02704 -0.927 0.63262 -0.34522 0.030143 0.8416 -0.38718 0.26265 -0.14826 0.64523 0.33878 -0.55324 -0.1479 0.30059 0.14732 0.45823 -0.085732 -0.45337 -0.26781 0.6217 -0.10713 0.73061 -0.6315 -0.17621 0.35703 -0.65173 -1.047 0.37711 0.38923 0.061159 -1.2683 -0.27754 -0.17573 -1.5423 -0.63769 -0.19139 -0.050333 -0.59562 -0.38597 0.65867 -0.22522 -0.57588 0.43047 0.38452 -0.27564 0.56459
seremane -0.9232 -0.50739 0.33718 0.89585 -0.48455 -0.40465 -1.0653 0.68957 0.068032 -0.44025 -0.19656 0.11381 0.6707 0.080017 -1.0989 -0.60273 -0.0063324 0.54789 0.7057 -0.63844 -0.89866 -0.10769 -0.048837 0.13799 -0.36225 1.0525 0.59743 0.20635 -0.05779 -0.12976 -1.0582 0.091428 0.048261 0.63467 -0.3825 -0.49091 -0.68206 -0.77851 0.31953 0.16537 -0.016133 0.37424 -1.2232 -0.74286 0.51696 0.10206 -0.79521 -0.22416 -0.74688 1.32
summoner 0.27868 0.14697 0.024294 -0.35295 0.54175 -0.46584 0.72979 0.12019 0.1906 0.64996 -0.77915 0.74706 0.37307 0.24147 -0.1849 -1.4345 -0.76205 0.62014 0.032022 0.46826 -0.48583 -0.19389 -0.33824 -0.00088754 0.27702 0.59052 -0.24144 0.16876 -0.18296 -0.98989 -0.77363 0.29911 0.57916 0.74752 0.22725 0.70592 -0.46703 -0.93453 -0.34179 -0.86484 -0.12007 -0.35977 -0.27966 0.13436 -1.1038 0.099664 1.2542 -0.036593 -0.17574 -0.44701
bossman -0.50416 -0.61438 -0.18083 -0.17009 -0.016956 0.172 0.19687 0.54397 -0.062213 0.016851 -0.29017 0.32645 0.57619 -0.24884 -0.27048 0.034475 0.38389 0.37625 -0.040757 0.26379 -0.15704 -0.82351 -0.27369 0.018639 0.6248 0.10191 -0.29823 0.23822 -0.36062 -0.40875 -1.2699 0.44918 0.56209 0.58016 -0.23979 0.11216 -0.1552 -0.2063 0.47895 -0.47145 -0.24579 0.11722 -1.2406 -0.12827 0.095197 0.086359 0.0717 0.019172 0.58115 0.19499
sharaff 0.13812 0.17405 0.00068601 0.27222 0.11111 -0.019474 0.4133 0.36881 1.4681 0.44368 1.2882 1.2924 0.54175 0.13923 0.5377 -0.091827 -0.80046 0.9333 1.1642 -0.29977 0.27781 0.87559 -0.76613 -1.2063 1.0151 1.6897 -0.43716 -0.79832 -0.1734 0.29061 -1.322 1.5624 0.87181 0.24781 -0.34278 1.4211 0.73455 0.39101 0.096046 -0.32055 -0.10813 -0.52326 0.055421 -0.20911 -0.67861 -0.73689 -1.0675 -0.55083 0.3037 -0.17964
intimation 0.49994 -0.22049 -0.45536 -0.49376 0.17803 1.04 0.68329 0.37511 0.50652 0.61624 0.2168 -0.23911 0.42647 0.010901 0.42717 0.24794 -0.22514 -0.58413 -0.012629 0.39517 -0.50095 0.28486 -0.075428 -0.51253 0.77007 0.38412 -0.5787 0.42068 0.24133 0.70314 -0.93122 -0.081896 -0.15547 -0.37767 0.19933 0.15481 0.89736 -0.64094 -0.44962 0.51234 -0.13699 0.31124 -1.158 0.70233 -0.75915 -0.87314 0.48727 1.6053 0.15527 -0.17008
mohri 0.47651 -0.48956 0.0052586 0.60711 0.25994 0.20463 0.97433 -0.16006 -0.042996 0.41891 -0.042479 0.17128 0.36213 1.019 -0.073394 0.86165 -0.064451 0.26079 0.55913 0.55039 0.74049 0.40641 0.32458 0.52317 -0.16597 0.95978 0.81029 -0.073443 -0.54957 0.22612 -1.2663 0.078191 0.30346 0.10715 0.54944 -0.11393 0.028146 -0.41578 -0.38002 -0.22565 -0.73354 0.059785 -0.22649 0.1694 0.20542 -0.41629 0.13044 -0.38173 0.5882 0.15182
civita 0.20082 0.16248 0.73858 -0.34644 -0.22453 -0.21995 -0.0035518 -0.086083 -0.38973 0.19262 0.33795 -0.15676 -0.54515 -0.79831 -0.71117 -1.0401 -0.73664 0.2045 0.78078 0.45662 -0.13901 -0.58959 -0.23441 0.48222 0.048572 0.57349 -0.31943 0.6202 -0.062706 -0.50312 -1.5717 -0.01771 0.17619 -0.65098 -1.0619 -0.21199 -1.1897 0.42427 0.50839 0.11414 0.80431 -0.22843 -0.32177 -1.1471 -0.70801 -0.76019 0.22219 -0.88098 1.1296 -0.43804
d'enseignement -0.84102 0.4068 -1.2884 -0.13361 -0.70669 -1.6393 0.91938 0.22795 0.72828 -0.50406 0.89972 0.83717 0.69558 -0.054105 -1.3898 -0.45494 -0.078221 0.19727 -0.54021 -0.54511 -0.13233 -0.40132 0.091919 0.31286 0.4057 1.766 0.041956 0.0099345 -0.31662 1.0066 -0.34779 0.20706 0.066222 -0.68725 -0.86252 0.28309 0.57484 -0.14963 0.13307 0.37843 0.78096 -1.1199 -0.73934 0.32599 0.46856 -0.4443 1.0717 -0.24103 1.5379 0.80358
canina 0.157 -0.81698 0.40743 -0.10038 0.068027 0.024714 0.23973 -0.59903 -0.72024 0.12627 0.18613 0.66458 0.36849 -0.021847 -0.27982 -1.9845 -1.0475 1.0517 1.4211 -0.1362 -1.1631 0.42244 -0.019523 0.71142 1.1463 1.3635 -0.43108 -0.58327 -0.41643 0.17268 -0.42808 -0.34732 -0.36374 -0.3347 -1.0886 0.067251 -1.0239 -1.0813 0.63413 -0.13129 -0.7271 -0.36247 -0.11381 -0.89736 0.11572 -0.5619 0.46241 -1.0364 1.2805 0.97108
erdini 0.1168 -1.4266 0.23124 -0.45884 1.1224 -0.76528 0.54438 0.49243 0.16633 -0.18766 -0.39936 -1.0527 0.43412 0.027708 -0.13424 -0.7695 -0.18068 -1.5044 0.80502 0.68598 -1.0349 -0.54104 -1.1014 0.24621 0.96624 0.86767 0.71865 -0.95399 -1.4978 -0.18275 -1.7604 -0.17475 0.05747 0.57651 0.81516 -0.30727 0.47208 0.93189 -1.4705 -0.37561 -0.35485 0.050869 0.43396 -0.42723 0.54307 0.10207 0.83557 -0.22143 0.47934 -0.23965
linguini 0.55003 -0.72232 -1.0796 0.86217 0.0010979 -0.063726 0.63708 0.55695 0.37341 -0.34841 -0.13972 0.94161 0.22067 0.077433 -0.38639 -0.64318 -0.63271 0.87628 0.37278 -0.2026 -0.96342 0.60475 0.8299 -0.12227 -0.23958 0.38187 0.33283 0.88386 0.41754 -0.076993 -1.2897 0.40434 -0.16605 1.0421 -0.076279 0.74202 -0.63362 -0.2142 0.52766 0.1136 0.38556 0.24945 -0.32701 0.74262 0.66091 -0.029265 -0.43371 0.046096 0.51684 -0.28155
ryzhov -0.26085 -0.26712 0.27519 -0.35307 0.68528 -0.02193 0.86412 0.47068 -0.55635 -0.14788 -0.042334 0.07123 0.041812 0.68405 -0.44984 -0.31754 -0.16781 -0.16162 0.86056 -0.040833 -0.52344 -0.472 -0.45601 -0.71726 0.18429 0.79621 0.11729 -0.028359 0.093105 0.43587 -1.3835 -0.094545 0.64185 0.54229 -0.5118 -0.14492 -0.24882 0.35398 -0.007884 0.56876 -0.19383 -0.045065 0.037847 -0.20884 0.45836 -0.52287 -0.10874 -0.086297 -0.36159 0.75462
jabbouri -0.30002 -0.40732 0.41602 -0.11827 0.064921 0.033034 -0.36397 0.10091 0.23087 0.28237 -0.12297 -0.080122 0.1099 0.14117 0.068908 -0.090557 -0.48727 -0.16563 0.78245 0.55759 -0.58019 0.0015642 0.0085356 0.08017 0.035163 0.31758 0.062757 0.093731 -0.043377 -0.13759 -1.7588 -0.16616 0.17992 1.0004 0.20154 -0.24711 0.04428 0.2084 -0.31497 0.094364 0.20875 -0.15569 -0.17288 0.28098 0.48427 -0.59345 -0.30557 0.29395 0.18334 0.18551
game-high -0.94941 0.45074 0.040385 0.06052 1.7533 1.0027 -0.20343 0.12107 -0.21875 0.46675 -0.68375 -1.2548 0.34148 -0.41369 0.21906 -2.0885 -0.8705 -0.98688 -0.67272 0.73777 0.10345 0.20835 0.26251 -0.88419 -0.31093 0.87386 1.3054 -0.083453 0.56109 -0.063432 -0.56082 0.026284 0.35236 0.38112 0.93724 0.13449 -0.046588 0.45726 -0.31845 0.61215 -0.085746 0.12202 -0.41902 -0.28418 -0.70268 -1.395 0.24178 0.65293 0.585 -0.1633
dotted 0.15258 0.58143 -0.36368 0.28873 -0.40696 -0.50348 -1.1372 -0.50686 -0.20737 -0.56653 -0.60153 -1.0664 0.78404 -0.029201 -0.68967 0.36456 0.6168 -0.34557 0.19919 -0.70884 -0.73799 -0.102 -0.25094 0.17903 -0.27195 0.6788 -0.54073 1.6022 1.0094 -0.78764 1.4301 -0.25029 0.67955 0.33572 -0.28265 0.771 -0.82578 -0.24534 -0.60817 0.76486 -0.074657 0.44562 0.24343 0.21507 0.19936 -0.085125 -0.062097 -0.79583 -0.52824 -1.3874
polychromy -0.23735 0.00036143 -0.5896 -0.61421 -0.39838 0.38084 0.54626 -0.11241 -0.12469 0.46629 0.074573 0.061123 0.51971 -0.10135 -0.75714 -0.11311 -0.33354 -0.14549 0.55285 -0.2388 0.29389 -0.37146 -0.76455 -0.38723 0.44748 0.95243 -0.35274 0.24807 0.78017 0.55094 -0.81792 -0.2932 0.37343 -0.34293 0.4142 0.81322 0.0054764 0.19 -0.71344 0.63391 0.37161 -0.64649 0.082831 0.38308 -0.10214 0.385 0.55673 0.57999 0.052072 -0.98234
stma -1.0268 -0.99407 0.056176 0.50088 -1.5586 -0.39969 1.1406 -0.17701 0.44027 -0.3238 -0.18125 0.34063 0.33792 0.25316 0.21169 0.42444 -0.18761 0.36217 0.82152 0.35019 -0.438 -0.95751 0.31635 -0.39113 0.014193 0.057509 0.35682 -0.086693 -0.47801 0.51445 -1.1603 -0.86611 -0.61409 0.35972 -1.564 -0.26962 -0.42103 -0.21892 0.58097 -0.34518 0.4555 -0.02048 -0.29565 0.72111 -0.52398 0.46072 0.2552 0.59137 -0.87544 0.55837
degremont 0.11836 -0.98842 -0.45028 0.38537 -1.0356 -0.010208 0.47242 0.52387 0.65766 1.3121 0.82698 0.41855 0.59454 0.04329 -0.34824 0.084804 -0.98979 -0.10509 0.74644 -0.32435 -0.067994 0.034683 0.17738 0.22565 -0.62204 0.59212 -0.69695 -0.087394 0.67068 -0.057158 -0.85297 0.66508 -0.18909 0.86733 0.10547 -0.57386 -0.40883 0.077118 0.78659 -0.21359 0.42674 -0.59956 0.52197 0.88191 -0.24205 0.085118 0.16197 0.14154 0.25278 0.15841
lucid 0.7406 0.61154 -0.24667 -0.45836 0.13999 -0.35026 -0.57652 0.088099 0.059603 0.85847 0.22211 0.35794 0.22765 1.1851 0.16777 0.091766 -0.54045 0.17703 -0.043375 0.26079 -0.63706 1.8934 0.5299 -0.41339 2.0607 0.42613 -0.39387 0.43762 0.66427 0.99931 0.12765 -0.5577 -0.29738 0.060284 0.38334 -0.2777 0.12789 1.3438 -0.68693 -0.064235 0.46386 -0.28112 0.15898 0.46303 -0.7714 0.030773 0.62361 0.30236 -0.51173 0.49163
galvão -0.098741 -0.71806 -0.18977 -0.15021 -0.76024 -0.12851 -0.042243 -0.23844 -0.44194 0.66088 0.5976 0.49391 0.07049 -0.40848 -0.0207 -0.58014 -0.68477 -0.27785 0.18571 0.061982 -1.1976 -0.17855 -0.25946 -0.14889 0.34215 0.82193 0.44422 0.21245 0.00085171 0.30151 -1.3124 -0.38053 -0.2419 -0.52721 -0.38089 0.022071 -0.14136 -0.097762 0.31099 -0.075329 0.11315 -0.21718 -0.077641 -0.1368 -0.23665 0.15173 0.32551 -0.37735 1.1798 -0.36597
