passionists -0.36113 -0.6868 -0.037722 -0.54483 -0.078769 -0.18898 -0.16588 0.60757 0.06013 -0.24062 0.65864 -0.032728 0.31821 0.72197 -0.76124 -0.13582 -0.23128 -0.15778 0.52098 0.30249 -0.41736 -0.74852 0.0062351 0.33831 0.052996 0.67002 -0.45149 -0.29356 -0.26301 -0.24637 -1.3583 0.46754 0.15124 0.076758 -0.50247 -0.0081905 -0.35238 0.031504 -0.33346 0.40355 -0.0043605 -0.89535 -0.51841 0.43474 -0.1413 -0.0030823 -0.064911 -0.057379 -0.52006 -0.65405
cauquenes -0.0091267 -1.0325 -0.4614 -0.20521 -0.46413 -0.48746 1.1449 1.3739 0.1852 0.003078 0.65001 -0.51682 0.98393 -0.13228 -1.0774 -0.18321 -0.3622 0.38352 0.61149 0.60938 -0.21018 -0.49127 0.34495 0.98027 0.14595 0.90703 -0.32027 0.11221 0.35192 -0.54512 -1.2053 0.37128 0.41025 0.39985 0.19982 0.4877 -0.24237 -0.10788 -0.14431 0.97391 0.13069 -0.04795 0.208 -1.1922 0.20389 0.3298 0.05351 -0.55714 0.22438 -0.26468
kaizuka -0.96879 -0.76218 0.27607 0.12777 -0.70827 -0.47313 0.14875 0.90048 0.068786 0.39921 -0.064213 -0.50342 0.86467 0.40705 -0.41332 -0.22435 0.16192 -0.14459 0.7935 0.407 0.014551 -0.77919 -0.46599 0.3665 0.20839 0.64353 0.65799 0.53916 0.18135 -0.6538 -1.2773 -0.2997 0.11253 0.43754 -0.0017294 -0.033719 0.72686 -0.36799 -0.41646 0.43161 -0.068946 0.20938 -0.6662 -0.68561 -0.4433 -0.82324 0.12635 0.38893 0.30433 0.85933
oncle -1.7853 0.93391 -0.06302 -0.36528 0.011831 0.4547 0.38883 -0.34007 -1.383 -0.054687 0.60567 0.57136 0.0638 0.84091 0.38923 0.15826 0.16247 0.5756 0.56124 0.68758 -0.62504 -0.22285 1.0086 0.58764 0.5723 1.0035 -0.52175 0.70612 1.1596 0.049314 -1.7252 -0.28256 -1.0438 1.6038 -0.28245 0.0053076 -0.17306 -0.74002 -0.60664 1.0889 -0.57713 -0.48521 -0.31549 -0.92025 0.30831 -1.2231 0.27007 -0.42842 1.2735 -0.33375
molinon -0.20981 1.5154 0.21145 0.86359 -0.20932 -2.5111 0.37496 0.72904 0.67463 1.9044 -0.27709 -0.95052 0.56811 -0.54515 -0.29339 0.75577 -0.26775 0.51159 0.61706 0.81103 0.18849 -0.1241 -0.33628 -0.39981 -0.64558 1.123 0.51889 1.2453 1.0856 -0.5426 -1.5262 0.41583 -0.092937 0.037448 -0.11739 0.22519 0.76881 0.33067 -0.73321 0.45312 0.41937 -0.92896 -1.1109 -0.14475 0.74079 -0.73851 -0.31619 0.11615 0.16685 0.035513
110.62 -0.42585 -0.21832 0.165 -1.0108 -2.025 -1.1736 -0.59179 0.16857 -1.1815 0.48499 -0.49876 -0.7236 1.2218 0.20595 -0.59201 0.13347 -0.90131 -0.071198 -0.53114 1.2054 0.90373 0.23022 -0.3102 -0.071412 -0.3638 0.021674 1.1059 0.71943 -0.49752 -0.46294 -1.1757 0.072762 0.41814 0.50768 0.082764 -0.19169 -0.025686 -0.50603 0.13883 0.13148 0.090661 0.44194 0.26866 -0.063776 -0.019998 -0.42873 0.4365 0.12908 0.083305 -0.72386
yihe -0.26287 -0.037544 -0.19366 -0.1022 -0.18227 -0.69387 0.25366 0.4552 0.30456 -0.59974 -0.28009 0.5092 0.4855 -0.37689 -0.57735 -1.0978 0.073817 -0.23868 1.1225 0.36878 -0.88226 -0.10564 -0.25799 -0.34153 0.83278 1.0407 0.96585 0.38819 -1.1005 0.22174 -1.2252 -0.35466 0.71391 0.87847 -0.35101 -0.096809 -0.91545 -0.1023 0.81124 -0.061908 -0.11871 -0.077813 0.29055 -0.19193 -0.92435 -1.1221 0.25465 -0.81795 0.95222 -0.40262
sliman -0.85012 -0.29093 0.68632 -0.42504 0.93347 -0.092901 0.70407 0.10387 -0.029499 0.13867 0.078072 -0.67296 0.13067 0.13888 -0.7852 -0.13133 0.51433 -0.088496 1.1078 0.12561 -0.57599 0.50121 0.86952 0.24532 -0.23146 1.3885 -0.29051 -0.12803 -0.36792 0.068332 -1.0626 0.013625 0.87076 0.39591 0.3289 0.11862 -0.074105 0.31671 0.40067 -0.046078 0.19789 -0.28964 -0.17748 -0.13486 0.7984 -1.1444 -0.30021 -0.33116 0.50551 0.33688
passionists -0.36113 -0.6868 -0.037722 -0.54483 -0.078769 -0.18898 -0.16588 0.60757 0.06013 -0.24062 0.65864 -0.032728 0.31821 0.72197 -0.76124 -0.13582 -0.23128 -0.15778 0.52098 0.30249 -0.41736 -0.74852 0.0062351 0.33831 0.052996 0.67002 -0.45149 -0.29356 -0.26301 -0.24637 -1.3583 0.46754 0.15124 0.076758 -0.50247 -0.0081905 -0.35238 0.031504 -0.33346 0.40355 -0.0043605 -0.89535 -0.51841 0.43474 -0.1413 -0.0030823 -0.064911 -0.057379 -0.52006 -0.65405
s-11 -0.27476 0.033828 -0.14384 -0.046673 -0.42302 -0.32121 0.58661 0.050598 0.42687 -0.10621 0.45605 -0.10454 0.046135 0.6013 -0.28439 -0.26124 -0.28241 0.14251 0.92119 0.2706 -0.29061 -0.30021 -0.14945 0.23259 -0.30148 0.95169 -0.026341 0.21614 -0.31468 0.064298 -1.1597 -0.39209 -0.82782 0.37809 -0.4268 -0.15467 0.72138 -0.43681 0.1469 0.7852 0.44625 -0.9282 -0.38799 0.31201 -0.20969 -0.95883 0.37424 1.1019 0.17101 0.43901
on-hand 0.68581 -0.34783 0.94328 -0.8306 0.33948 -0.26416 -0.39215 0.42364 0.34296 0.71709 0.11593 0.65141 1.1123 -0.49685 -0.014448 0.45587 -0.011566 0.015624 0.21256 -0.33427 0.64328 -0.011748 0.44024 -0.73502 -0.40882 1.2697 0.11861 0.0003358 0.32797 0.46381 -1.1799 0.49986 0.35921 -0.13109 1.1959 0.79993 0.15064 0.060269 -0.34987 -1.33 0.64565 -0.38333 -0.70615 0.52137 -0.21117 -1.2391 -0.20357 0.69304 0.40882 -0.24063
levitte 0.092434 1.1559 -1.336 -0.48874 -0.17432 -0.92746 0.37883 0.4781 0.32736 -0.71765 -0.030026 0.34459 -0.075341 0.97924 0.12584 0.14597 0.44853 -2.0705 0.99985 -0.7039 -0.88528 0.85689 -0.11445 -0.10054 -0.81485 0.33067 0.79724 0.95387 -0.78399 1.0466 -1.0708 -0.45663 -0.52572 -0.13997 -0.514 -0.78932 -0.27234 0.28686 -0.29855 -0.51187 1.4545 1.0801 1.3987 -0.92825 0.31852 -0.65694 -0.045815 -0.31667 -0.362 0.69909
700x420px -1.3415 0.20314 1.4614 1.7363 -0.30542 -0.76414 -0.75575 0.73429 -0.35767 0.76614 0.17124 -1.5824 -0.35653 0.3284 -0.18453 -0.55525 -0.84168 0.67072 -1.179 -0.23102 -0.61963 0.20746 -0.43461 0.78368 0.36177 0.58146 0.79055 -0.20976 1.4963 0.39771 0.17446 0.13591 -0.25808 -0.91879 0.85755 0.6879 0.50903 0.38192 -0.47779 -0.21085 0.26404 -0.2012 -0.87857 -0.51097 0.42761 0.87042 0.30062 -0.021294 0.86299 0.14992
kyrghyz -0.79267 -0.13561 0.027732 0.78641 0.089794 -0.49521 0.42045 0.49126 0.0088908 -0.046076 0.60715 0.076661 1.4052 0.58216 -0.28473 -0.5201 -1.0929 -0.42614 1.5442 0.072893 -0.47805 -0.80628 -0.98044 0.13064 0.16466 0.14519 0.40648 -0.13028 -0.18013 -0.31502 -0.98049 0.73989 -0.31288 0.74964 -1.0415 0.13696 -0.9846 -0.44875 -0.75414 -0.48939 0.42384 0.3169 0.50858 -0.95446 0.032753 0.53427 0.064981 0.088626 -0.14391 -0.85528
karlsbad 0.22619 -0.52095 -1.2072 -0.32627 -1.3333 -0.50475 1.0035 0.29551 -0.20678 -0.34804 0.66073 -0.49804 1.0617 -0.16983 0.35147 0.58117 -1.0656 0.41201 0.074033 0.49974 0.30647 -0.58162 -0.069772 0.65321 -0.29369 0.3165 -0.40837 0.54913 -0.10161 0.31337 -0.90721 -0.10103 -0.1105 0.42546 0.070355 -0.17337 -0.13834 0.70779 0.10593 0.080086 0.056039 -0.1328 0.93015 -0.003892 -0.63118 -0.053754 1.0553 0.14308 -0.13437 0.096275
kulla -0.029378 -0.11513 0.49398 -0.18717 -0.45014 -0.73078 0.97033 0.47043 -0.11656 0.16993 0.10554 0.37151 0.43895 -0.091431 -0.15634 -0.20375 -0.10676 -0.021145 1.5627 0.70189 -0.3626 -0.26333 -0.074388 0.16193 0.48511 0.96142 0.25314 -0.051236 -0.0068086 -0.13234 -1.219 -0.44908 0.17524 0.4971 -0.32646 0.26013 0.34281 -0.69242 -0.43234 0.91894 0.41574 0.27569 -0.02043 -0.65483 0.18261 -0.72018 -0.095973 0.21877 -0.13078 0.41947
benat 0.18707 -0.22357 1.3181 0.11238 -1.0775 -0.75457 0.40999 0.12674 -0.042338 -0.1719 -0.23505 0.12272 0.29726 0.084501 -0.21382 -0.16437 0.030719 -0.82986 0.25052 0.36692 -0.33352 -1.0955 0.8149 0.29112 -0.50551 0.86701 0.1963 -0.2911 -1.0605 0.0036632 -2.2757 0.75397 0.73854 0.53773 0.26477 0.096595 -0.25282 0.44604 -0.023657 0.89082 0.14544 0.97967 0.3254 0.55141 -0.32626 -1.055 0.23007 -0.3049 0.33913 -0.49468
bandiagara 0.55719 -0.10449 -0.47139 -0.15013 -0.43429 -0.12331 0.93591 1.0573 -0.13915 -0.12151 0.11549 -0.63905 1.0632 -0.6847 -0.89982 -0.13717 0.41067 -0.066138 -0.44455 0.35224 -0.52991 -1.0518 -0.089459 0.18851 0.035365 0.99328 -0.68375 0.58081 -0.56882 0.16261 -1.5452 0.050106 0.51894 0.065391 0.41129 0.21726 -1.2372 -0.030906 0.081061 -0.23025 0.29757 -0.16751 -0.04354 -0.05219 -0.61395 -0.21395 1.2556 0.58539 0.026334 -1.4213
143.5 -0.031531 -0.52283 -0.080178 -0.037107 -0.33225 -0.33213 1.3336 -0.92506 0.76011 0.7388 -0.28459 -0.94439 0.81493 -0.8937 0.024507 -0.22596 -0.16144 0.1197 -0.47915 0.61512 0.22062 0.72266 -0.43968 -1.01 0.12974 1.1083 0.32318 -0.22064 0.10852 0.045274 -0.93079 0.40214 -0.25472 1.6639 0.06713 -0.47144 0.65213 -0.16026 -0.41304 -0.088807 0.19947 -0.20993 1.2127 0.36691 -1.0805 0.15773 0.14634 -0.35956 -0.21214 -0.87335
alkylating 0.53298 -0.5773 -0.094354 0.23761 0.13476 0.028269 0.61859 1.3124 -0.67107 0.8762 1.0326 0.9193 0.9285 0.96024 -0.19393 -0.54094 0.28694 0.14218 0.021855 -0.020073 -0.33864 -0.84187 0.32843 0.7019 -1.6999 0.11157 0.51674 -0.27435 0.79801 -0.189 -0.94196 -1.2187 0.59001 -1.796 0.94192 1.1864 -0.3341 -0.24377 -0.080446 0.035385 1.0557 0.89323 0.48339 0.18268 1.1357 -1.6529 0.34679 1.0869 -0.65992 1.5924
disk 0.20703 -0.21705 2.0824 0.85976 -0.09864 -0.080317 0.24272 -1.0853 0.78179 0.74835 0.70523 0.22323 -0.15866 1.0106 0.14953 0.4577 -1.2754 0.40053 0.87485 -0.94354 -0.60487 -0.99431 0.010089 -0.19045 0.088143 -0.0017303 -0.59184 0.52885 0.74881 -0.28177 2.3829 -0.84943 -0.004177 0.41519 0.043638 1.1202 0.33256 0.4455 0.69215 -0.42176 0.77174 0.37368 -0.89748 0.56947 -1.149 0.30142 1.3126 -0.34498 -0.62475 -0.52612
6,530 0.30104 -0.36475 0.46555 -0.34323 -0.086163 -0.24543 0.54053 0.4818 -0.27696 0.34767 0.031146 -0.3148 0.97593 -0.5125 0.19503 -0.1634 -0.51945 0.11314 0.10857 -0.13751 0.67071 -0.13769 0.27602 -0.30891 0.0068945 1.31 1.0045 -0.39104 -0.042108 -0.19933 -1.2249 0.48368 0.078906 0.31008 0.56108 -0.041431 0.39778 0.7093 0.29133 0.16445 0.26965 -0.528 0.5563 0.40833 0.06361 -0.56193 0.31407 0.29127 0.16764 0.013593
exportation -0.54792 -1.185 -0.5145 0.17795 -0.1264 0.35239 0.26679 -0.84514 1.4485 0.99482 0.44897 0.20201 0.77795 -0.40275 0.15259 -0.24103 0.26771 -0.11995 0.26596 -0.25035 1.1532 -1.0592 0.047019 -0.58733 -0.43874 0.1677 0.47136 -0.25046 1.3693 0.67733 -0.10098 -0.038244 -0.43429 0.2544 -0.12155 0.24675 -0.78461 0.26748 -0.69603 0.82541 -0.15247 -0.06211 0.45788 -0.059183 -0.18374 0.040903 -0.40632 0.44504 0.27686 -0.91309
pyeongchang 0.63678 0.72967 -0.39977 1.8817 -2.3805 0.13835 0.67044 0.24086 0.17568 0.15944 -0.71289 -0.57903 0.8823 -0.39526 -0.18557 0.98193 1.0133 0.40915 -1.0144 0.5232 -0.22432 -1.505 0.57925 -0.42534 -0.44337 -0.97814 0.40013 0.69608 -1.2264 -1.0498 -0.73353 2.0138 -0.51457 0.27556 0.099201 -1.1148 0.34239 1.1083 -0.82675 -0.80064 -1.0442 0.2222 0.31878 -0.32684 -0.0045856 0.51807 -0.76008 -0.014871 0.29113 0.4906
in-use -0.67678 -0.43418 0.18498 -0.52886 -0.49279 -0.13525 0.35007 0.1183 0.14841 0.3837 0.3201 -0.15674 0.62912 0.19321 -0.031961 0.10212 -0.17619 0.52168 0.65982 -0.43822 -0.40798 -0.41027 -0.32623 0.38043 0.47149 1.1664 -0.050456 0.15917 0.16323 0.75072 -1.1544 -0.068977 0.8027 0.4059 0.6596 0.29325 0.42216 -0.31688 -1.1763 0.086475 -0.26734 -0.95805 0.22317 0.78243 0.19333 -0.0085366 -0.11928 0.48693 0.12297 -0.57709
propiedades -0.091324 0.80431 0.3073 0.34936 -0.33059 -0.7061 0.40277 0.64383 0.51083 0.52632 -0.37234 -0.2378 0.99826 -0.25647 -0.073547 -0.48626 0.50448 -0.66946 0.13738 -0.016834 -0.15045 -0.51221 -0.27152 0.71284 -0.67333 0.9443 0.21072 -0.10252 1.9011 0.17724 -1.3148 -0.089297 -0.54746 0.12648 0.20187 -0.29765 0.012247 0.054095 -0.33356 0.21217 0.74673 -0.48903 1.5869 0.25088 0.22396 -1.1449 -0.092608 -0.44158 1.1807 1.155
lyadov -0.024852 -0.49483 0.70398 0.34131 0.18088 -0.6095 0.72322 0.71979 -2.007 -0.55495 -0.20531 0.59353 -0.60841 0.27019 -0.20294 -0.58895 -1.1006 0.93032 0.943 -0.10372 0.095824 0.12736 -0.64568 -0.50581 1.1927 0.72617 -0.12967 -0.37058 0.18026 0.28183 -1.186 -0.17671 0.86147 -0.46516 -0.14865 1.1631 0.050157 1.3385 -0.58418 0.85647 0.57387 -0.035424 0.0062655 -0.12082 -0.35923 0.62094 -0.21637 0.50751 -0.32643 0.35622
suebwonglee 0.6357 -1.6431 1.5146 0.38835 -0.00061265 -1.8863 0.051404 -1.0905 -1.1354 -0.71266 0.24807 0.50314 -0.28363 -0.51746 -0.95311 -0.15185 -1.2019 1.1965 1.7743 -0.34273 -0.73429 -0.7008 -0.051676 -0.3505 0.68885 0.84879 0.93911 -0.13482 -1.0883 0.76878 -0.71599 1.0854 -1.1484 0.55866 -0.61609 0.13761 0.28374 0.61156 0.59878 1.5697 0.68047 0.11368 -1.4844 0.070219 0.68841 0.19108 -0.99335 1.4082 1.9847 0.51113
805 0.63816 -0.32642 0.92512 -0.15472 -0.055434 -0.34626 0.78899 -0.62904 -0.04684 -0.10456 -0.78852 -0.51241 0.69232 -1.1947 -0.02512 -0.77365 -0.86717 0.63313 -0.75585 0.45472 0.038768 -0.30191 0.22245 -0.38475 0.50583 0.49949 0.63678 -0.25648 -0.39216 -0.29053 -0.091274 -0.24585 0.97753 0.91259 0.32139 -0.71694 0.39302 -0.10686 -0.44163 0.6379 0.040427 -0.16682 0.94614 0.55768 -1.3744 0.086854 0.16004 -0.2147 -0.49247 -0.17918
rundel -0.077854 -0.048096 0.36148 -0.27701 -0.1547 -0.055325 0.78648 0.58586 0.31549 -0.49014 -0.51603 0.2319 0.35814 -0.082704 0.1973 0.18587 0.29685 -0.12916 0.54061 -0.0044066 0.32068 -0.085599 -0.0017747 0.22154 0.16917 0.91255 0.50423 -0.43842 -0.86857 0.29616 -1.4965 0.13229 0.64365 -0.27767 -0.64582 0.57275 0.79536 -0.59216 0.23284 0.13627 0.64989 0.219 -0.68622 0.48581 0.32184 0.21678 -0.19626 0.087518 -0.41141 0.16358
shoichiro -0.4985 -0.59835 -0.72853 0.042089 0.27107 1.4498 0.80149 -0.38961 -0.10965 -1.1534 1.2075 0.68619 -0.28373 0.01716 -0.59622 -0.25187 -1.5525 1.9307 0.37556 -1.2216 -0.25637 -0.21039 -1.2674 -0.84246 0.5028 -0.43291 -0.4425 -0.89271 -1.8329 1.2266 -1.098 1.684 0.33627 0.78419 -0.82013 -1.1577 -0.55149 -0.17247 0.23479 1.0409 -1.2699 -0.015357 -0.62777 0.74845 0.74656 0.47946 -0.67116 0.6028 -0.8606 0.15487
pudur 0.096567 -0.11616 0.24614 -0.33762 -0.50014 -0.10102 0.82761 0.15574 0.29764 0.23378 -0.31105 -0.71225 0.8307 -0.33462 -0.34425 0.28026 -0.012553 0.41913 0.81242 0.5314 -0.51344 -0.064858 -0.18517 0.81779 0.089427 0.78454 0.32666 0.58146 0.34314 -0.13753 -0.98599 -0.56915 0.34798 0.34702 0.3748 0.096874 0.43534 -0.17832 0.0538 0.36116 0.034877 -0.093426 0.36274 0.24351 0.08178 -0.10956 0.31903 -0.48766 0.23456 0.3168
elmore -0.96219 -0.3158 -0.76272 0.32642 -1.046 -0.1962 -0.63569 -0.04011 0.78253 -0.14386 -1.0861 0.77856 0.03016 -0.60792 0.40523 0.058882 0.32495 -0.4625 0.086998 -0.15172 0.054155 0.76904 0.47466 0.15925 0.056588 0.24838 -0.71495 -0.088428 0.36169 -0.031098 -0.33475 -1.5092 0.39407 -0.037394 0.5868 0.65491 -0.36863 -0.18589 1.0887 0.1315 0.42416 1.2503 -0.10624 0.36505 -0.68784 0.95168 0.4536 -0.86079 -0.18565 0.46423
phraya 0.78477 0.35283 -0.80957 1.2633 -1.489 -1.2695 1.1336 0.45846 0.15159 -0.65454 -1.1188 1.4226 0.79659 -0.48721 -1.7115 -0.43002 -0.083274 -0.09592 0.69525 0.53867 0.36466 -0.83133 0.71633 -0.95023 0.81773 0.33358 -0.015383 0.030855 -1.1458 -0.018063 0.25411 -0.06626 -0.0071449 1.0752 -0.13857 -0.28045 -0.75065 -0.55454 0.45608 0.34956 -1.0428 0.19429 -0.82471 -0.050935 -1.0349 -1.1093 0.3646 -1.563 1.2662 -0.57587
genderen -0.39391 0.39257 0.16521 -1.0174 -0.87284 0.82637 -0.53754 0.061607 1.7388 -0.64941 1.0189 -1.1771 -0.35009 -0.42013 0.92357 0.29445 1.0479 -0.076075 0.51946 -1.1868 -0.063749 0.077442 -1.2973 0.4954 0.60691 0.9532 -0.40589 1.2836 -0.20417 -0.24546 -1.9894 0.78414 0.49311 0.075274 0.086971 0.054815 1.2868 0.49788 0.80927 0.81052 0.52595 0.59479 0.69494 -1.8666 0.99276 -1.391 0.51508 1.1051 0.85895 0.85269
governo 0.014174 -0.70442 -0.24711 -0.20254 -1.167 -2.313 1.4397 0.90956 -0.15869 0.5224 -0.082007 0.76945 0.10938 -0.16219 0.95501 -0.01766 0.36575 -0.49029 1.3861 0.19153 -1.2164 -1.4349 0.91008 0.42788 -0.080863 0.8435 -0.90881 -0.017123 0.11022 -0.40746 -0.87727 -0.18196 -0.8007 -0.39859 -1.0175 0.34739 0.26289 -0.040603 0.094223 0.26939 -0.30737 -0.2996 0.057248 0.030096 -0.1496 0.55032 0.05346 0.49737 0.19324 0.68575
decaffeinated -0.83696 -0.85003 -0.74488 0.23119 0.42018 -0.9395 0.19001 -0.7471 0.19792 1.3967 0.15275 -0.095999 1.2251 -0.61243 1.3704 0.11807 -0.59332 0.74382 0.73935 -1.7418 0.083014 -0.026084 0.90561 0.59384 0.063844 1.0597 0.19241 0.19418 0.34666 1.2018 -0.45508 -0.068058 -1.2746 0.50492 0.59316 0.038671 -0.56169 0.75257 -0.082228 0.099213 0.28869 0.5757 -1.0776 1.0305 0.16237 0.52563 0.12092 -0.29418 0.061176 -0.39387
93.88 -0.43151 -0.085387 0.30849 -0.60382 0.51363 0.52625 0.50475 -0.092148 -0.5193 -0.091037 -0.57947 -0.89566 1.6036 -0.30028 -0.27118 -0.086136 -0.62391 0.22349 0.090869 0.43112 0.45401 0.69621 -0.14282 -0.84669 -0.0096321 0.89815 1.1753 0.37595 0.43908 0.18005 -1.6406 -0.42212 -0.50038 0.18686 0.16221 -0.27682 0.38166 -0.23966 0.041261 -0.41052 0.25577 -0.6682 0.40891 0.17877 -0.56419 -0.70124 0.10255 -0.10246 0.096984 -0.06965
basarab -0.29791 -0.56961 0.83747 -0.098328 -0.98647 -0.97966 0.88448 0.62648 -0.37185 -0.39788 -0.1254 0.84577 0.1602 -0.56316 -0.64406 -0.23588 -1.2038 0.21698 0.89393 0.92033 -0.37592 -0.74382 -0.42064 0.089632 1.7673 -0.055709 -0.43434 -0.89981 -0.16521 0.32873 -1.1372 0.89752 0.50367 0.46142 -0.6641 0.50036 0.30743 -0.083299 0.14489 1.3427 0.3675 0.42062 -1.169 1.0143 -0.98823 -0.45674 0.036709 -0.50944 0.83998 0.10867
admirers 0.35786 0.85991 0.3241 -1.0544 0.30274 -0.12775 -0.52036 0.61256 -0.89415 1.0026 -0.64433 -0.10881 0.56347 -0.26631 0.015838 -0.7209 0.15565 0.016438 0.1697 -0.80907 -0.37359 0.45103 -0.29791 -0.024723 0.65779 -0.80809 -1.0846 -0.36856 -0.71185 -0.094889 0.014819 0.99026 0.47617 -0.66787 -0.63099 -0.37358 -0.81129 0.0043323 -0.86645 -0.48324 0.46124 0.40322 -0.57259 0.77218 0.60314 -0.38537 -0.97994 -0.4249 -1.0682 -0.81526
biopesticides -0.58089 -0.67564 0.16229 0.012683 -1.2272 0.035455 0.62723 -0.47505 -0.11784 0.42579 0.73379 0.59095 0.4549 -0.31098 0.19109 0.5376 0.25173 0.48351 0.64889 -0.4165 -0.32439 -0.75442 0.43042 0.55697 -0.50633 1.0338 -0.30344 -0.31443 0.19495 0.15684 -1.4968 0.26277 0.37115 -0.65635 0.57325 0.52493 -0.17737 -0.10777 -0.3633 0.046531 0.11812 -0.10704 0.50269 0.54234 0.30048 0.0063338 0.30269 0.73121 -0.27862 0.34744
rent-a-car -0.40399 -1.587 0.64355 0.18386 -0.30951 -0.8005 0.040114 -1.6941 0.13177 -0.21515 -0.80136 0.54214 -0.40645 -0.18988 -0.45451 -0.99466 0.7631 1.4751 0.27177 0.08097 1.1926 -0.80569 -1.6617 0.36 0.3867 0.74291 0.35996 -0.54641 0.2251 0.69264 -1.3626 -0.31781 0.14675 0.013945 -0.53388 0.16244 -1.1409 0.41995 -0.40961 -0.11016 0.11814 -0.1357 0.057892 0.56633 -1.9604 -0.83161 0.59868 -0.30273 1.3464 0.79316
contraire 1.6531 -0.6729 -0.12759 -0.97962 1.0234 -0.81572 1.0023 -1.0204 -0.11532 -0.20251 0.026232 -0.11512 0.21734 -0.61053 0.36294 0.84256 0.40382 0.23438 0.30853 -0.22588 -0.78648 1.616 0.84973 0.19714 -0.12872 1.7929 0.14501 0.50688 0.29577 0.74349 -0.97614 1.1893 -1.7921 1.0169 -0.89145 -1.2249 -0.65504 -0.93211 0.65948 -0.72481 0.45629 -0.70559 0.65144 -0.35851 0.078763 0.14866 0.26081 -0.57432 0.13001 0.74463
eagar 0.1488 -0.23982 0.15337 -0.51658 -0.53903 -0.018233 0.17735 0.63821 0.65673 -0.094073 -0.71228 -0.71271 0.9 -0.24435 -0.14358 0.068075 0.42077 -0.081788 0.65812 0.44836 -0.078884 0.5854 -0.31889 0.3127 0.35568 0.98241 0.53625 -0.056096 -0.21798 -0.073896 -1.5606 -0.63937 0.11866 -0.25355 0.39959 0.33557 0.30288 -0.152 0.35899 0.14449 -0.1588 0.2471 0.09305 -0.019658 -0.33162 -0.0026288 0.49079 -0.42564 -0.58411 0.42915
fish 0.2559 -0.31452 -1.0079 0.1434 0.52982 0.31531 -0.82169 0.0060026 1.5235 -0.40637 0.20401 0.93042 2.061 0.73117 0.44506 -0.0043559 1.2895 -0.16854 -1.1219 -0.80836 -0.19725 -1.2056 1.2739 0.23962 0.44387 -0.77988 0.1557 0.28534 1.0253 -0.61694 2.5009 -0.41019 0.57532 0.51033 -0.060849 0.40419 -0.34696 0.38221 0.629 -0.22291 -0.32009 0.21292 1.0723 0.32437 1.3304 0.54586 -0.22236 -0.80589 0.16487 0.29792
animals 1.2025 -0.69247 -0.75747 -0.55042 0.95651 0.88934 -0.67801 -1.3165 1.4368 -0.085537 0.70613 0.36381 1.4765 -0.34478 0.92034 0.35738 0.91837 0.218 -1.2499 -0.61928 -0.68601 0.016809 0.84583 -0.19514 0.68663 -0.52643 -0.47997 -0.3038 0.65057 -0.69852 2.4639 0.31924 0.16431 -0.87606 -0.22464 0.72498 0.30729 -0.037508 -0.30131 0.11963 -0.79685 -0.45074 0.71143 1.3426 1.4455 0.021383 -0.37745 -0.73051 0.019171 -0.37425
joyful 0.36976 0.32403 -1.0546 -0.32327 0.71737 -0.55826 0.44537 0.7047 -0.44518 1.5398 -0.16557 -0.80457 0.45149 -0.041349 0.6248 -0.32622 -0.32411 0.37837 0.21288 -0.53419 -0.19987 1.2176 -0.29444 -0.16194 1.4366 0.64478 -0.82558 0.43985 0.78105 0.066005 0.66894 1.0176 -0.28499 0.029483 -0.46253 -0.19617 0.54073 -0.60226 -0.67905 0.084461 -0.37159 -0.37879 -1.1687 -0.21166 0.47056 0.17077 -0.050775 -0.34988 -0.52731 2.2339e-05
happy 0.092086 0.2571 -0.58693 -0.37029 1.0828 -0.55466 -0.78142 0.58696 -0.58714 0.46318 -0.11267 0.2606 -0.26928 -0.072466 1.247 0.30571 0.56731 0.30509 -0.050312 -0.64443 -0.54513 0.86429 0.20914 0.56334 1.1228 -1.0516 -0.78105 0.29656 0.7261 -0.61392 2.4225 1.0142 -0.17753 0.4147 -0.12966 -0.47064 0.3807 0.16309 -0.323 -0.77899 -0.42473 -0.30826 -0.42242 0.055069 0.38267 0.037415 -0.4302 -0.39442 0.10511 0.87286
sad 0.18822 0.52772 -0.80729 -0.18974 0.73361 -0.52599 0.73379 1.151 -1.0057 0.53222 -0.53503 -0.46232 -0.35761 -0.089558 1.1745 0.025105 -0.26076 0.57176 0.51661 0.39261 -1.2262 0.96739 0.14591 0.67439 1.0324 -0.9346 -1.8862 1.2702 1.0383 -0.093612 1.7631 0.13482 0.6586 0.017446 -0.23751 0.080928 0.40966 -0.56527 0.43035 -0.30735 -0.6366 0.042546 -0.23112 -0.46408 -0.04127 0.86248 -0.31139 0.37836 0.037122 0.74944
happy 0.092086 0.2571 -0.58693 -0.37029 1.0828 -0.55466 -0.78142 0.58696 -0.58714 0.46318 -0.11267 0.2606 -0.26928 -0.072466 1.247 0.30571 0.56731 0.30509 -0.050312 -0.64443 -0.54513 0.86429 0.20914 0.56334 1.1228 -1.0516 -0.78105 0.29656 0.7261 -0.61392 2.4225 1.0142 -0.17753 0.4147 -0.12966 -0.47064 0.3807 0.16309 -0.323 -0.77899 -0.42473 -0.30826 -0.42242 0.055069 0.38267 0.037415 -0.4302 -0.39442 0.10511 0.87286
